20
23 
94 97 
45 3 95 
81 81 89 23 
0 16 18 34 61 
69 81 84 63 18 23 
4 17 21 55 35 12 98 
51 73 26 26 19 23 72 75 
18 5 56 60 28 57 76 98 91 
89 68 25 73 83 95 97 87 12 18 
94 99 82 92 50 7 18 77 27 93 1 
54 64 58 10 24 86 67 52 85 11 93 5 
36 66 88 31 15 27 95 85 73 94 20 65 44 
79 35 73 6 28 26 12 92 84 23 68 23 42 72 
8 53 65 65 41 84 5 24 99 32 19 37 5 65 9 
22 10 88 57 35 47 37 62 59 30 98 82 50 21 77 23 
81 30 88 46 24 72 51 48 24 35 20 13 92 85 22 14 47 
10 23 83 57 61 97 69 91 95 51 93 17 28 16 50 11 5 97 
35 29 0 35 5 36 55 18 28 93 92 95 40 55 18 75 64 79 72 
33 22 20 37 16 89 17 32 39 28 89 36 15 71 89 3 76 25 10 47 
