20
95 
8 78 
25 18 77 
75 71 47 7 
23 73 28 73 44 
81 20 38 71 68 68 
44 55 81 62 28 12 23 
88 66 57 83 27 88 60 45 
65 35 69 12 43 92 85 23 17 
81 56 38 20 27 58 88 23 65 21 
37 93 33 60 82 0 70 17 27 58 78 
24 23 65 45 87 60 37 72 35 7 54 92 
45 26 71 3 14 47 20 87 84 13 21 97 47 
21 67 17 0 77 95 76 52 12 22 39 73 11 11 
8 18 17 52 15 43 24 70 9 71 90 97 55 4 18 
52 3 91 71 20 43 48 67 19 0 80 93 91 5 5 3 
13 75 72 18 91 16 42 61 25 65 52 74 72 8 92 77 11 
35 48 84 78 49 51 50 1 31 95 93 36 0 48 2 28 20 72 
19 88 14 80 14 31 84 40 3 92 33 80 56 20 81 92 51 30 43 
1 83 27 96 28 15 49 76 69 77 49 41 48 37 7 80 3 38 65 44 
